94 4902
233 77
89 85
34 57
68 65
102 17
47 86
225 84
81 80
115 12
39 62
73 42
107 30
52 49
86 72
120 58
65 27
243 96
99 16
44 26
78 55
112 21
201 79
57 44
91 37
8220 94
70 39
104 13
49 31
83 29
8212 75
117 18
41 53
75 67
109 19
54 56
88 81
33 87
122 68
67 38
101 5
8230 89
46 28
80 51
114 10
59 74
237 76
93 36
38 83
72 41
106 66
250 95
51 47
85 50
119 22
98 24
43 82
77 33
111 11
56 45
90 78
69 64
103 20
48 40
82 46
8211 73
116 6
40 54
74 69
9601 4
108 15
53 52
87 60
231 90
176 91
121 23
66 32
100 14
45 48
79 61
113 71
8242 88
58 70
8221 93
37 92
71 43
105 9
50 35
84 34
118 25
63 97
97 7
76 63
110 8
55 59
4 6 98
13 5 99
9 8 100
4 7 101
98 99 102
5 10 103
11 8 104
5 8 105
8 14 106
5 14 107
4 22 108
4 11 109
9 6 110
4 12 111
10 5 112
7 10 113
7 6 114
11 10 115
9 12 116
7 15 117
4 27 118
4 17 119
105 6 120
109 17 121
5 12 122
7 8 123
100 20 124
98 11 125
4 16 126
4 24 127
11 18 128
7 12 129
4 14 130
4 100 131
101 106 132
4 29 133
9 104 134
11 19 135
7 106 136
9 16 137
9 15 138
4 19 139
4 32 140
4 21 141
4 34 142
118 10 143
15 5 144
20 120 145
145 100 146
143 146 147
9 10 148
7 14 149
15 136 150
16 5 151
4 112 152
4 33 153
4 38 154
5 15 155
4 39 156
4 104 157
4 13 158
142 99 159
11 12 160
10 110 161
98 13 162
4 15 163
108 129 164
4 8 165
28 37 166
116 13 167
119 115 168
4 41 169
4 31 170
5 16 171
10 9 172
25 103 173
140 161 174
6 103 175
10 7 176
10 11 177
9 14 178
7 16 179
174 167 180
147 5 181
114 134 182
4 43 183
111 18 184
4 42 185
5 6 186
18 8 187
9 20 188
103 5 189
11 6 190
15 23 191
4 50 192
101 6 193
18 6 194
108 189 195
4 54 196
4 5 197
11 22 198
25 5 199
150 12 200
4 51 201
4 46 202
7 23 203
115 6 204
10 135 205
110 13 206
12 6 207
101 8 208
127 23 209
119 205 210
4 35 211
4 20 212
18 10 213
108 206 214
9 19 215
162 114 216
128 6 217
126 104 218
101 12 219
4 55 220
127 5 221
103 12 222
9 21 223
15 14 224
7 100 225
4 60 226
156 117 227
101 148 228
135 19 229
227 30 230
130 5 231
101 15 232
18 15 233
7 25 234
111 13 235
158 149 236
147 7 237
19 120 238
8 6 239
11 15 240
21 21 241
99 10 242
7 20 243
4 61 244
16 122 245
170 44 246
18 12 247
4 116 248
11 21 249
166 31 250
4 110 251
123 6 252
7 19 253
6 107 254
13 6 255
108 13 256
4 65 257
113 14 258
4 63 259
4 64 260
21 103 261
111 6 262
11 173 263
16 13 264
17 17 265
179 30 266
12 26 267
169 33 268
5 19 269
268 29 270
17 6 271
7 24 272
108 113 273
105 14 274
100 5 275
16 6 276
11 23 277
37 31 278
113 23 279
62 12 280
15 137 281
128 224 282
138 110 283
4 99 284
9 117 285
165 5 286
217 13 287
185 8 288
188 255 289
246 45 290
133 6 291
182 12 292
176 271 293
230 200 294
193 6 295
112 12 296
10 128 297
128 239 298
235 223 299
4 57 300
10 123 301
229 136 302
4 47 303
122 6 304
116 6 305
141 177 306
116 12 307
5 26 308
4 25 309
192 8 310
4 69 311
185 12 312
121 17 313
11 112 314
244 8 315
22 11 316
155 15 317
105 151 318
144 23 319
4 30 320
16 293 321
277 117 322
202 322 323
9 25 324
283 279 325
21 10 326
152 21 327
137 13 328
7 30 329
7 138 330
9 7 331
9 24 332
7 21 333
133 287 334
263 8 335
142 13 336
110 107 337
71 18 338
122 12 339
295 266 340
9 122 341
251 12 342
15 18 343
184 241 344
220 234 345
153 203 346
102 148 347
101 10 348
10 23 349
228 321 350
152 12 351
168 245 352
138 15 353
160 6 354
128 10 355
129 6 356
9 199 357
17 175 358
4 67 359
128 12 360
114 5 361
123 319 362
138 5 363
291 362 364
109 261 365
111 5 366
248 200 367
4 187 368
113 172 369
135 24 370
226 113 371
104 20 372
335 238 373
139 325 374
123 151 375
20 13 376
197 58 377
165 190 378
109 10 379
110 134 380
4 150 381
6 13 382
310 337 383
326 138 384
98 316 385
103 117 386
171 6 387
100 122 388
230 150 389
7 199 390
109 173 391
168 151 392
9 155 393
4 66 394
12 28 395
344 204 396
290 35 397
4 18 398
218 17 399
184 24 400
4 49 401
11 14 402
393 14 403
118 384 404
233 6 405
11 30 406
130 116 407
345 23 408
198 8 409
4 52 410
141 15 411
4 10 412
5 17 413
139 307 414
108 282 415
221 105 416
130 203 417
192 67 418
179 13 419
101 24 420
40 40 421
156 115 422
105 386 423
113 15 424
9 17 425
188 8 426
6 242 427
4 215 428
153 113 429
4 144 430
131 25 431
108 99 432
99 14 433
20 5 434
24 103 435
101 358 436
4 247 437
213 124 438
184 10 439
130 171 440
154 13 441
152 6 442
114 107 443
45 36 444
4 56 445
56 36 446
103 107 447
130 9 448
160 12 449
12 5 450
256 328 451
19 113 452
313 137 453
101 276 454
232 15 455
135 21 456
21 171 457
158 390 458
212 373 459
6 137 460
12 11 461
154 302 462
118 148 463
47 36 464
114 103 465
114 6 466
12 13 467
9 123 468
4 105 469
312 200 470
272 144 471
218 6 472
11 199 473
160 5 474
101 19 475
4 72 476
49 36 477
35 36 478
243 5 479
117 6 480
111 11 481
131 6 482
127 194 483
129 134 484
129 30 485
102 112 486
59 36 487
44 36 488
213 8 489
5 28 490
40 36 491
232 461 492
400 452 493
104 14 494
399 281 495
160 380 496
495 6 497
311 187 498
18 16 499
133 5 500
153 298 501
231 17 502
194 134 503
162 116 504
155 23 505
118 12 506
102 23 507
4 73 508
52 36 509
183 18 510
201 113 511
178 5 512
112 5 513
137 117 514
111 100 515
5 105 516
21 15 517
462 11 518
130 438 519
211 40 520
103 25 521
183 423 522
127 370 523
169 369 524
117 15 525
7 151 526
138 122 527
131 16 528
122 16 529
118 6 530
102 19 531
31 36 532
133 171 533
149 5 534
105 12 535
115 20 536
11 20 537
18 112 538
234 117 539
422 151 540
133 123 541
381 124 542
359 124 543
126 229 544
98 5 545
100 16 546
256 11 547
128 8 548
109 194 549
123 23 550
115 14 551
165 539 552
299 12 553
258 12 554
18 19 555
431 484 556
175 12 557
110 23 558
128 106 559
126 302 560
141 296 561
284 281 562
562 249 563
177 249 564
152 17 565
25 120 566
101 112 567
101 20 568
21 6 569
27 29 570
11 16 571
240 503 572
141 496 573
9 112 574
428 21 575
297 376 576
98 329 577
9 103 578
223 15 579
201 204 580
166 35 581
147 122 582
101 14 583
7 66 584
152 16 585
584 115 586
137 5 587
568 225 588
98 564 589
163 7 590
18 20 591
5 22 592
135 5 593
548 16 594
543 14 595
30 5 596
595 135 597
12 21 598
536 331 599
5 599 600
46 27 601
183 600 602
108 5 603
30 124 604
432 8 605
411 123 606
17 403 607
343 14 608
327 204 609
101 16 610
18 24 611
165 289 612
126 282 613
260 58 614
119 148 615
131 17 616
129 12 617
129 18 618
114 124 619
116 107 620
4 59 621
4 176 622
589 12 623
588 207 624
21 110 625
579 135 626
493 275 627
442 489 628
98 485 629
15 198 630
25 9 631
348 460 632
21 13 633
437 5 634
109 427 635
424 160 636
154 636 637
404 26 638
7 26 639
154 229 640
312 150 641
306 25 642
98 301 643
126 298 644
297 106 645
286 22 646
197 265 647
219 12 648
157 191 649
144 186 650
127 186 651
178 120 652
177 23 653
172 122 654
172 20 655
157 5 656
133 99 657
126 13 658
152 19 659
10 105 660
118 601 661
129 5 662
563 175 663
115 19 664
179 6 665
15 7 666
500 7 667
457 285 668
454 134 669
130 409 670
398 106 671
379 14 672
139 5 673
137 6 674
140 343 675
339 155 676
309 676 677
336 116 678
333 6 679
111 330 680
112 6 681
139 269 682
253 5 683
153 225 684
178 107 685
133 148 686
113 107 687
4 45 688
123 30 689
11 151 690
690 6 691
215 5 692
252 137 693
6 7 694
15 693 695
651 22 696
647 387 697
696 516 698
7 22 699
240 630 700
19 103 701
118 15 702
618 480 703
190 13 704
162 576 705
104 12 706
154 473 707
163 465 708
113 20 709
126 456 710
413 318 711
407 21 712
11 406 713
128 376 714
366 173 715
365 292 716
163 354 717
320 353 718
188 13 719
248 150 720
243 107 721
208 23 722
22 203 723
192 55 724
111 186 725
177 15 726
170 49 727
152 20 728
139 105 729
129 107 730
111 120 731
104 8 732
9 48 733
101 25 734
24 107 735
5 117 736
141 138 737
100 6 738
737 190 739
9 360 740
257 711 741
119 700 742
530 695 743
614 691 744
114 16 745
133 11 746
675 265 747
153 100 748
218 12 749
632 144 750
626 114 751
750 70 752
112 114 753
22 258 754
608 124 755
117 191 756
590 187 757
247 107 758
25 107 759
510 554 760
414 527 761
6 11 762
515 151 763
8 124 764
140 466 765
119 15 766
114 357 767
320 8 768
301 11 769
20 769 770
112 21 771
155 770 772
115 285 773
140 772 774
272 15 775
237 26 776
221 124 777
208 6 778
176 22 779
154 123 780
112 105 781
112 22 782
98 103 783
53 26 784
4 23 785
29 28 786
183 781 787
28 786 788
139 113 789
192 788 790
778 733 791
202 5 792
19 100 793
111 7 794
53 28 795
10 107 796
5 113 797
511 7 798
126 703 799
23 26 800
19 107 801
172 107 802
671 103 803
133 668 804
660 264 805
156 805 806
20 255 807
657 265 808
398 21 809
808 403 810
622 178 811
40 35 812
594 138 813
154 813 814
133 570 815
9 11 816
11 149 817
545 253 818
535 134 819
130 529 820
524 103 821
183 11 822
119 18 823
822 474 824
467 223 825
7 405 826
126 369 827
368 6 828
365 182 829
346 26 830
332 144 831
284 149 832
278 52 833
4 274 834
101 241 835
115 224 836
222 26 837
215 120 838
214 14 839
18 207 840
163 198 841
111 178 842
131 175 843
166 59 844
155 17 845
141 114 846
102 8 847
28 31 848
111 171 849
17 314 850
16 819 851
783 161 852
506 851 853
169 103 854
262 10 855
330 107 856
122 26 857
757 16 858
107 28 859
172 735 860
109 21 861
382 714 862
127 704 863
329 5 864
9 5 865
659 225 866
10 104 867
140 655 868
644 654 869
5 188 870
870 239 871
263 871 872
18 5 873
111 872 874
577 105 875
9 107 876
113 6 877
111 521 878
517 277 879
481 224 880
10 116 881
138 468 882
127 466 883
441 363 884
414 363 885
125 406 886
394 187 887
163 372 888
320 19 889
139 314 890
130 304 891
220 292 892
286 107 893
237 280 894
262 172 895
141 240 896
139 225 897
211 52 898
22 13 899
130 178 900
170 35 901
160 107 902
156 5 903
153 117 904
152 15 905
7 148 906
140 32 907
907 38 908
13 8 909
4 44 910
166 44 911
173 26 912
176 19 913
5 912 914
24 222 915
198 914 916
250 45 917
169 916 918
265 137 919
126 11 920
133 21 921
874 23 922
221 850 923
100 14 924
116 5 925
191 26 926
198 107 927
839 779 928
828 138 929
16 15 930
5 175 931
811 12 932
126 782 933
780 435 934
116 175 935
751 137 936
746 631 937
154 104 938
937 186 939
742 124 940
332 740 941
16 110 942
633 941 943
20 123 944
677 12 945
119 650 946
212 645 947
643 12 948
625 117 949
160 949 950
615 207 951
197 25 952
275 607 953
220 592 954
139 586 955
58 6 956
351 572 957
5 149 958
25 546 959
533 18 960
4 529 961
960 161 962
17 526 963
962 23 964
261 182 965
499 30 966
482 317 967
276 134 968
967 188 969
163 449 970
969 318 971
10 449 972
439 10 973
432 112 974
973 274 975
420 217 976
394 186 977
359 120 978
165 11 979
111 287 980
112 276 981
153 269 982
6 99 983
130 253 984
133 252 985
245 12 986
105 245 987
4 242 988
118 239 989
231 149 990
141 222 991
196 27 992
196 31 993
191 124 994
130 186 995
166 47 996
158 117 997
141 5 998
117 134 999
18 107 1000
5 30 1001
114 122 1002
997 17 1003
112 149 1004
166 56 1005
1004 23 1006
232 1006 1007
448 981 1008
122 28 1009
244 965 1010
439 963 1011
10 18 1012
19 23 1013
120 12 1014
942 182 1015
9 68 1016
158 129 1017
893 107 1018
887 694 1019
1018 36 1020
324 882 1021
12 16 1022
15 107 1023
149 867 1024
820 860 1025
338 1024 1026
718 107 1027
852 115 1028
144 113 1029
226 836 1030
835 177 1031
823 155 1032
100 107 1033
799 341 1034
794 178 1035
792 20 1036
139 123 1037
127 11 1038
745 242 1039
336 1039 1040
739 12 1041
11 738 1042
725 6 1043
720 222 1044
715 117 1045
16 107 1046
98 692 1047
15 687 1048
575 665 1049
111 593 1050
141 103 1051
565 18 1052
139 534 1053
139 527 1054
523 12 1055
162 513 1056
126 7 1057
498 308 1058
494 104 1059
259 1059 1060
482 11 1061
472 100 1062
247 5 1063
469 20 1064
457 254 1065
429 264 1066
421 40 1067
417 26 1068
401 35 1069
139 388 1070
126 370 1071
367 26 1072
364 28 1073
118 358 1074
351 21 1075
212 324 1076
310 134 1077
156 301 1078
297 21 1079
119 289 1080
235 282 1081
15 275 1082
273 28 1083
21 254 1084
250 56 1085
250 59 1086
242 8 1087
217 1087 1088
231 25 1089
174 225 1090
220 190 1091
212 187 1092
113 191 1093
177 149 1094
98 176 1095
116 134 1096
133 30 1097
115 107 1098
111 16 1099
28 35 1100
4 78 1101
39 27 1102
1097 23 1103
194 5 1104
250 35 1105
274 107 1106
1078 151 1107
26 1067 1108
448 107 1109
5 123 1110
440 1048 1111
1036 838 1112
126 1021 1113
166 1015 1114
7 13 1115
48 21 1116
18 138 1117
175 8 1118
11 178 1119
197 19 1120
250 40 1121
16 254 1122
407 16 1123
959 831 1124
288 1124 1125
286 956 1126
139 953 1127
158 950 1128
221 944 1129
934 176 1130
682 915 1131
113 30 1132
895 596 1133
891 653 1134
880 9 1135
231 879 1136
1135 222 1137
861 105 1138
846 726 1139
140 11 1140
648 826 1141
789 264 1142
10 117 1143
456 550 1144
126 15 1145
528 755 1146
162 753 1147
732 155 1148
184 16 1149
699 30 1150
98 689 1151
126 683 1152
231 21 1153
256 138 1154
296 12 1155
1154 207 1156
679 538 1157
672 447 1158
658 123 1159
68 653 1160
118 8 1161
110 1160 1162
611 281 1163
156 1162 1164
610 16 1165
609 107 1166
515 604 1167
153 586 1168
583 25 1169
8 107 1170
197 566 1171
560 103 1172
130 122 1173
545 144 1174
544 110 1175
126 525 1176
133 521 1177
110 514 1178
142 485 1179
475 24 1180
24 144 1181
155 467 1182
453 285 1183
226 1182 1184
450 338 1185
429 388 1186
4 425 1187
212 423 1188
417 12 1189
66 387 1190
381 107 1191
377 6 1192
183 373 1193
256 363 1194
9 361 1195
119 357 1196
252 349 1197
345 117 1198
283 341 1199
327 115 1200
317 110 1201
114 1201 1202
142 316 1203
306 21 1204
305 115 1205
4 304 1206
163 289 1207
260 8 1208
247 134 1209
246 59 1210
139 243 1211
109 241 1212
144 238 1213
235 190 1214
218 16 1215
163 215 1216
185 6 1217
172 19 1218
172 14 1219
127 171 1220
170 31 1221
170 47 1222
166 49 1223
162 123 1224
159 23 1225
153 148 1226
151 123 1227
19 148 1228
139 107 1229
124 26 1230
118 14 1231
114 13 1232
111 19 1233
27 39 1234
9 58 1235
202 1234 1236
38 61 1237
42 42 1238
104 48 1239
108 100 1240
119 100 1241
10 129 1242
10 137 1243
166 52 1244
170 40 1245
120 191 1246
1211 7 1247
111 1202 1248
1247 68 1249
1200 557 1250
896 1178 1251
524 222 1252
30 107 1253
141 1163 1254
13 1150 1255
991 1148 1256
1103 1255 1257
154 1144 1258
348 19 1259
303 28 1260
202 1102 1261
142 10 1262
119 179 1263
1091 6 1264
111 1088 1265
259 5 1266
19 435 1267
1062 1000 1268
1052 317 1269
25 100 1270
5 58 1271
1270 129 1272
904 1272 1273
107 26 1274
15 122 1275
133 1026 1276
291 1002 1277
999 26 1278
998 249 1279
158 116 1280
1279 144 1281
985 7 1282
984 721 1283
253 21 1284
982 773 1285
977 12 1286
975 103 1287
140 966 1288
12 53 1289
961 204 1290
948 17 1291
475 943 1292
1291 103 1293
130 936 1294
455 927 1295
905 292 1296
196 899 1297
14 18 1298
104 5 1299
453 222 1300
19 123 1301
881 104 1302
11 24 1303
878 137 1304
425 876 1305
139 864 1306
858 433 1307
7 112 1308
845 48 1309
172 25 1310
410 812 1311
128 807 1312
785 797 1313
173 12 1314
141 771 1315
768 409 1316
765 144 1317
15 129 1318
762 48 1319
48 1319 1320
565 758 1321
144 129 1322
18 756 1323
749 178 1324
734 330 1325
728 258 1326
1325 471 1327
187 723 1328
119 719 1329
412 1328 1330
126 333 1331
440 685 1332
642 685 1333
171 104 1334
533 681 1335
1334 135 1336
1336 137 1337
4 1337 1338
673 186 1339
616 664 1340
1339 124 1341
57 28 1342
20 103 1343
156 650 1344
643 598 1345
625 5 1346
1345 204 1347
615 107 1348
177 21 1349
113 26 1350
119 574 1351
122 572 1352
561 12 1353
202 1352 1354
108 559 1355
140 5 1356
537 305 1357
411 526 1358
114 505 1359
498 5 1360
493 388 1361
18 14 1362
453 103 1363
437 124 1364
116 433 1365
179 433 1366
430 271 1367
429 20 1368
213 427 1369
111 426 1370
425 137 1371
414 134 1372
412 149 1373
397 26 1374
213 375 1375
305 375 1376
106 1375 1377
371 26 1378
260 1377 1379
368 15 1380
367 28 1381
364 26 1382
260 356 1383
119 355 1384
353 103 1385
349 124 1386
340 12 1387
340 107 1388
152 338 1389
153 325 1390
108 317 1391
138 308 1392
306 6 1393
226 304 1394
303 40 1395
300 42 1396
295 269 1397
126 293 1398
284 234 1399
278 45 1400
127 266 1401
15 266 1402
184 264 1403
126 263 1404
7 261 1405
250 31 1406
250 47 1407
114 242 1408
240 104 1409
214 217 1410
111 215 1411
141 213 1412
208 8 1413
152 207 1414
23 207 1415
141 204 1416
165 198 1417
139 186 1418
10 182 1419
163 107 1420
159 112 1421
130 155 1422
153 30 1423
136 22 1424
136 7 1425
125 6 1426
119 103 1427
114 115 1428
4 62 1429
27 33 1430
1426 117 1431
137 30 1432
152 144 1433
166 45 1434
182 117 1435
20 190 1436
7 194 1437
1436 9 1438
24 23 1439
1415 269 1440
48 207 1441
1413 594 1442
213 107 1443
1442 107 1444
140 1402 1445
278 47 1446
278 49 1447
286 113 1448
1394 150 1449
315 5 1450
348 172 1451
6 1385 1452
1380 817 1453
211 421 1454
1368 7 1455
431 149 1456
1455 681 1457
215 1359 1458
257 5 1459
104 26 1460
163 1357 1461
126 113 1462
10 591 1463
1463 18 1464
1464 203 1465
192 1465 1466
1335 279 1467
1322 252 1468
201 1468 1469
140 18 1470
854 19 1471
1470 105 1472
1297 328 1473
1472 160 1474
238 12 1475
1284 7 1476
765 1278 1477
1476 426 1478
1269 124 1479
1080 124 1480
1262 305 1481
185 1238 1482
1481 913 1483
1233 525 1484
11 28 1485
1231 1228 1486
1486 117 1487
109 1227 1488
1226 479 1489
1215 103 1490
1208 20 1491
6 5 1492
1206 775 1493
17 1197 1494
801 1195 1495
288 1494 1496
428 1495 1497
410 28 1498
18 21 1499
445 28 1500
1177 587 1501
9 30 1502
640 104 1503
26 37 1504
126 679 1505
1149 986 1506
148 107 1507
21 11 1508
6 274 1509
1117 14 1510
79 1509 1511
1115 149 1512
4 1511 1513
117 1512 1514
1101 736 1515
183 1514 1516
1515 136 1517
117 5 1518
120 134 1519
148 19 1520
163 100 1521
163 113 1522
197 1093 1523
1522 434 1524
225 107 1525
296 120 1526
324 122 1527
1071 114 1528
1064 479 1529
468 12 1530
6 23 1531
168 1046 1532
1038 258 1533
126 1029 1534
18 103 1535
502 987 1536
15 339 1537
154 972 1538
445 40 1539
5 21 1540
955 558 1541
952 105 1542
748 935 1543
920 356 1544
68 7 1545
11 909 1546
171 909 1547
311 1546 1548
98 1547 1549
108 115 1550
178 122 1551
130 873 1552
868 149 1553
868 534 1554
865 194 1555
1555 105 1556
1556 252 1557
259 1557 1558
119 856 1559
37 45 1560
138 23 1561
139 9 1562
843 151 1563
827 222 1564
812 106 1565
297 807 1566
771 178 1567
239 1567 1568
766 289 1569
185 1568 1570
16 16 1571
748 305 1572
736 382 1573
1572 349 1574
732 7 1575
1575 307 1576
1576 375 1577
585 1577 1578
472 726 1579
8 5 1580
710 550 1581
705 217 1582
701 137 1583
118 1583 1584
674 115 1585
476 1585 1586
666 215 1587
126 1587 1588
646 598 1589
644 349 1590
642 512 1591
641 26 1592
628 124 1593
628 107 1594
8 24 1595
16 123 1596
609 12 1597
233 1596 1598
228 607 1599
476 1598 1600
100 604 1601
591 99 1602
119 559 1603
537 176 1604
535 357 1605
520 31 1606
154 11 1607
481 104 1608
10 480 1609
162 474 1610
332 1609 1611
469 269 1612
183 1611 1613
1612 23 1614
141 449 1615
198 447 1616
257 438 1617
437 107 1618
430 149 1619
422 245 1620
420 144 1621
11 402 1622
14 380 1623
232 372 1624
158 360 1625
169 360 1626
163 356 1627
141 354 1628
338 223 1629
139 298 1630
290 31 1631
197 289 1632
110 285 1633
273 26 1634
257 122 1635
257 243 1636
250 49 1637
155 249 1638
16 233 1639
231 19 1640
231 175 1641
228 24 1642
226 13 1643
224 11 1644
125 224 1645
213 117 1646
211 31 1647
131 207 1648
108 203 1649
202 171 1650
199 23 1651
196 29 1652
141 194 1653
187 137 1654
4 173 1655
169 7 1656
133 16 1657
125 22 1658
4 120 1659
48 19 1660
27 60 1661
47 26 1662
40 59 1663
1661 38 1664
83 1664 1665
1659 574 1666
48 24 1667
1658 554 1668
1657 190 1669
144 6 1670
1656 1602 1671
178 124 1672
1671 23 1673
186 26 1674
1654 292 1675
194 6 1676
197 144 1677
141 198 1678
1650 1157 1679
1678 103 1680
405 1646 1681
241 107 1682
15 253 1683
262 182 1684
278 31 1685
278 44 1686
278 40 1687
1629 238 1688
197 1688 1689
6 266 1690
317 107 1691
10 124 1692
583 1623 1693
426 107 1694
1116 1616 1695
1607 566 1696
37 35 1697
1696 349 1698
313 1605 1699
1604 633 1700
133 1601 1701
22 1573 1702
127 1566 1703
1503 1702 1704
445 1565 1705
1563 1084 1706
1562 53 1707
131 12 1708
327 1526 1709
1521 103 1710
126 1478 1711
115 12 1712
1451 759 1713
111 1440 1714
1438 292 1715
12 22 1716
9 115 1717
20 1425 1718
1424 328 1719
192 1718 1720
133 1719 1721
4 177 1722
190 5 1723
603 1408 1724
259 7 1725
899 1392 1726
332 103 1727
1110 1726 1728
1371 252 1729
153 1728 1730
119 1369 1731
110 1362 1732
502 274 1733
6 1732 1734
1356 419 1735
232 1734 1736
1355 107 1737
571 30 1738
105 16 1739
1173 1346 1740
1340 182 1741
1329 557 1742
1320 906 1743
119 5 1744
111 1309 1745
113 1302 1746
1298 276 1747
218 1747 1748
25 155 1749
1257 12 1750
111 21 1751
19 1232 1752
1229 331 1753
1220 7 1754
1218 5 1755
1754 1063 1756
201 1755 1757
127 177 1758
1216 110 1759
1758 596 1760
201 15 1761
1043 1213 1762
244 17 1763
930 1209 1764
169 1205 1765
1204 902 1766
354 1199 1767
400 1190 1768
158 1767 1769
1181 19 1770
306 1770 1771
1176 107 1772
103 16 1773
1169 375 1774
1153 274 1775
1151 12 1776
712 194 1777
1140 58 1778
1127 12 1779
734 1119 1780
419 1104 1781
25 1096 1782
511 1781 1783
139 115 1784
169 5 1785
832 1082 1786
212 1079 1787
1076 105 1788
1076 124 1789
1075 104 1790
377 1065 1791
1790 450 1792
22 100 1793
1057 758 1794
1051 9 1795
567 7 1796
1795 402 1797
141 1042 1798
1037 721 1799
198 1023 1800
260 1022 1801
143 1013 1802
603 1001 1803
127 129 1804
163 129 1805
990 26 1806
931 23 1807
931 793 1808
269 1807 1809
928 117 1810
154 1809 1811
22 924 1812
921 225 1813
919 405 1814
448 1814 1815
903 424 1816
897 6 1817
307 134 1818
884 123 1819
141 112 1820
883 144 1821
20 18 1822
881 116 1823
866 124 1824
232 862 1825
858 242 1826
855 372 1827
849 494 1828
37 52 1829
11 26 1830
133 18 1831
342 845 1832
453 837 1833
833 464 1834
377 21 1835
163 817 1836
98 775 1837
682 773 1838
273 764 1839
240 759 1840
546 755 1841
168 754 1842
745 433 1843
712 1843 1844
112 730 1845
119 144 1846
528 1845 1847
1846 22 1848
101 723 1849
158 719 1850
715 505 1851
127 713 1852
130 674 1853
127 662 1854
99 149 1855
561 652 1856
528 652 1857
646 12 1858
567 639 1859
105 5 1860
365 619 1861
611 7 1862
154 1862 1863
603 333 1864
602 28 1865
581 444 1866
578 9 1867
480 1867 1868
424 578 1869
183 1868 1870
197 1869 1871
577 5 1872
336 576 1873
571 443 1874
569 134 1875
565 103 1876
563 557 1877
551 103 1878
551 12 1879
139 550 1880
5 144 1881
533 494 1882
531 28 1883
15 124 1884
523 103 1885
398 517 1886
336 513 1887
12 512 1888
502 318 1889
501 225 1890
14 499 1891
498 490 1892
497 28 1893
127 489 1894
475 372 1895
23 12 1896
139 473 1897
103 471 1898
139 465 1899
179 460 1900
136 124 1901
98 1900 1902
5 443 1903
441 100 1904
440 277 1905
115 434 1906
244 427 1907
311 1906 1908
314 426 1909
420 136 1910
419 275 1911
1910 104 1912
139 1911 1913
221 419 1914
412 217 1915
351 405 1916
402 314 1917
401 52 1918
397 28 1919
396 107 1920
394 355 1921
16 356 1922
355 245 1923
24 355 1924
139 354 1925
353 9 1926
352 26 1927
350 26 1928
346 28 1929
344 15 1930
309 331 1931
330 23 1932
324 107 1933
235 314 1934
127 304 1935
9 296 1936
294 26 1937
19 287 1938
286 173 1939
283 23 1940
19 275 1941
111 274 1942
272 100 1943
264 252 1944
103 1944 1945
263 107 1946
184 261 1947
141 249 1948
234 124 1949
119 233 1950
226 206 1951
212 186 1952
211 35 1953
211 106 1954
211 59 1955
211 49 1956
208 117 1957
204 13 1958
139 204 1959
202 107 1960
201 103 1961
201 10 1962
1961 18 1963
4 199 1964
196 42 1965
196 63 1966
196 35 1967
196 7 1968
196 57 1969
136 12 1970
192 29 1971
11 190 1972
183 120 1973
116 182 1974
179 23 1975
139 178 1976
170 45 1977
123 167 1978
162 148 1979
126 161 1980
1979 14 1981
160 124 1982
158 110 1983
154 115 1984
152 151 1985
151 107 1986
127 149 1987
142 72 1988
141 13 1989
140 23 1990
10 136 1991
133 29 1992
131 66 1993
127 112 1994
126 120 1995
119 113 1996
112 107 1997
111 99 1998
109 24 1999
4 82 2000
23 8 2001
29 63 2002
48 49 2003
4 68 2004
118 2003 2005
2004 104 2006
259 2002 2007
2001 58 2008
259 2008 2009
23 21 2010
110 103 2011
2010 5 2012
142 2012 2013
115 21 2014
1989 190 2015
1985 1933 2016
1984 24 2017
1980 137 2018
2017 186 2019
921 1978 2020
2019 7 2021
168 19 2022
1976 48 2023
169 171 2024
2023 27 2025
2024 666 2026
119 172 2027
626 1975 2028
2027 274 2029
130 2028 2030
2029 191 2031
1973 5 2032
194 122 2033
196 47 2034
100 2033 2035
139 2035 2036
1962 100 2037
1959 113 2038
165 1958 2039
1957 1896 2040
1948 233 2041
2040 116 2042
243 122 2043
257 113 2044
259 136 2045
2044 1793 2046
259 114 2047
154 1943 2048
2047 100 2049
1641 1941 2050
272 1940 2051
191 1938 2052
118 1936 2053
201 2052 2054
309 137 2055
110 12 2056
1930 341 2057
1926 252 2058
10 2058 2059
111 1923 2060
140 2059 2061
1094 1922 2062
360 191 2063
387 134 2064
25 117 2065
640 1917 2066
1915 5 2067
1912 107 2068
420 11 2069
104 28 2070
2069 258 2071
1904 713 2072
327 1903 2073
31 40 2074
1899 285 2075
10 114 2076
549 1888 2077
514 191 2078
23 124 2079
127 1878 2080
18 106 2081
1873 217 2082
37 59 2083
1853 1428 2084
138 9 2085
196 1841 2086
2085 279 2087
58 2087 2088
1837 1119 2089
18 2088 2090
37 49 2091
118 2090 2092
53 833 2093
1831 261 2094
126 1823 2095
22 8 2096
1816 339 2097
904 11 2098
100 30 2099
1805 254 2100
1800 434 2101
768 2101 2102
139 11 2103
1784 1518 2104
153 11 2105
1174 1782 2106
13 124 2107
18 116 2108
378 2107 2109
1775 120 2110
6 124 2111
202 11 2112
220 11 2113
1074 1752 2114
1011 1743 2115
1739 23 2116
1370 1729 2117
259 1727 2118
286 1715 2119
1714 12 2120
680 1712 2121
103 48 2122
9 1700 2123
1029 1695 2124
530 1690 2125
499 2124 2126
1684 107 2127
165 2126 2128
154 1681 2129
1677 968 2130
642 1672 2131
1669 12 2132
153 1665 2133
621 1663 2134
57 53 2135
28 57 2136
21 99 2137
114 7 2138
2137 112 2139
130 2138 2140
117 14 2141
118 25 2142
9 120 2143
919 2143 2144
137 12 2145
153 18 2146
114 172 2147
172 21 2148
100 182 2149
8 190 2150
1651 115 2151
938 2151 2152
1648 958 2153
1643 110 2154
1642 129 2155
2154 5 2156
1639 122 2157
854 2157 2158
1638 5 2159
989 2159 2160
123 245 2161
1636 20 2162
1635 958 2163
184 265 2164
2163 11 2165
2164 447 2166
131 1633 2167
1628 13 2168
355 12 2169
2168 555 2170
1622 754 2171
226 2171 2172
25 122 2173
399 148 2174
1619 124 2175
2174 801 2176
1615 831 2177
1613 113 2178
12 155 2179
14 120 2180
531 2179 2181
143 2180 2182
12 104 2183
1606 35 2184
166 1595 2185
641 222 2186
1589 1405 2187
109 1571 2188
1569 12 2189
842 122 2190
1399 1561 2191
1553 578 2192
1551 326 2193
2193 124 2194
142 2194 2195
888 48 2196
1550 30 2197
666 1545 2198
1543 26 2199
201 2198 2200
130 11 2201
1539 31 2202
1535 762 2203
2202 207 2204
201 2203 2205
137 1530 2206
207 1525 2207
1513 258 2208
1510 48 2209
2209 1499 2210
127 2210 2211
442 1507 2212
1505 225 2213
1493 1365 2214
1492 5 2215
1491 275 2216
1482 12 2217
1471 122 2218
1462 1386 2219
1459 151 2220
58 1458 2221
2220 1267 2222
1456 107 2223
1452 23 2224
1437 514 2225
1433 662 2226
1430 53 2227
52 26 2228
105 26 2229
1427 802 2230
120 107 2231
20 124 2232
141 113 2233
1422 203 2234
7 155 2235
9 173 2236
130 177 2237
201 112 2238
1414 1098 2239
104 207 2240
18 7 2241
1401 107 2242
175 267 2243
141 10 2244
1399 23 2245
2244 546 2246
1397 1084 2247
1397 569 2248
1389 116 2249
329 124 2250
2249 380 2251
98 1386 2252
1373 113 2253
1373 816 2254
130 1349 2255
18 1349 2256
1326 107 2257
260 2256 2258
1324 447 2259
454 1323 2260
177 1314 2261
111 1312 2262
472 2261 2263
141 1310 2264
17 1308 2265
840 1305 2266
371 2265 2267
394 2266 2268
1304 269 2269
1301 26 2270
2269 105 2271
1101 1299 2272
883 1275 2273
473 1267 2274
1256 26 2275
220 2274 2276
1249 275 2277
1249 388 2278
1248 122 2279
1185 1246 2280
17 1243 2281
400 2280 2282
118 2281 2283
1241 117 2284
165 1239 2285
231 1232 2286
127 172 2287
1219 434 2288
2287 413 2289
127 2288 2290
1216 337 2291
158 1205 2292
309 9 2293
351 233 2294
218 1185 2295
2294 254 2296
1180 617 2297
1174 58 2298
2297 149 2299
1171 12 2300
2299 115 2301
113 1170 2302
1161 203 2303
1159 434 2304
2303 7 2305
20 1155 2306
1151 103 2307
1145 474 2308
24 1143 2309
1138 107 2310
746 2309 2311
1136 107 2312
1134 103 2313
130 1132 2314
1123 247 2315
176 1122 2316
2315 12 2317
1120 24 2318
1120 879 2319
712 1104 2320
1099 176 2321
68 11 2322
118 19 2323
440 1096 2324
2323 943 2325
1090 280 2326
183 1079 2327
1066 26 2328
1057 1063 2329
1035 70 2330
1031 419 2331
1028 341 2332
1028 23 2333
1023 409 2334
24 2334 2335
154 10 2336
555 2335 2337
1008 191 2338
142 2337 2339
114 11 2340
998 526 2341
995 104 2342
984 479 2343
300 983 2344
196 983 2345
975 447 2346
610 972 2347
18 117 2348
961 333 2349
938 338 2350
130 751 2351
2350 103 2352
257 936 2353
2352 115 2354
930 617 2355
928 8 2356
272 926 2357
922 28 2358
917 478 2359
327 906 2360
898 52 2361
897 150 2362
895 30 2363
889 53 2364
889 35 2365
877 23 2366
113 264 2367
117 862 2368
366 2367 2369
196 2368 2370
861 100 2371
849 538 2372
2371 134 2373
47 40 2374
8 155 2375
844 446 2376
842 308 2377
108 836 2378
171 254 2379
832 107 2380
827 103 2381
827 107 2382
825 12 2383
113 816 2384
810 26 2385
98 802 2386
18 802 2387
799 23 2388
794 17 2389
37 47 2390
130 779 2391
220 5 2392
212 753 2393
125 11 2394
718 124 2395
469 714 2396
709 186 2397
709 11 2398
98 2397 2399
163 709 2400
706 521 2401
154 2401 2402
140 704 2403
702 17 2404
702 319 2405
2404 189 2406
701 20 2407
2406 68 2408
113 701 2409
697 357 2410
274 2409 2411
498 694 2412
183 2411 2413
6 689 2414
111 683 2415
682 435 2416
13 223 2417
673 618 2418
672 103 2419
2418 296 2420
663 395 2421
430 662 2422
655 255 2423
4 2423 2424
635 395 2425
141 617 2426
616 343 2427
608 5 2428
602 26 2429
158 593 2430
11 587 2431
583 249 2432
581 446 2433
2432 254 2434
2433 70 2435
581 488 2436
581 491 2437
577 124 2438
575 177 2439
169 570 2440
566 134 2441
10 14 2442
561 318 2443
303 2442 2444
560 160 2445
116 557 2446
551 124 2447
547 144 2448
542 12 2449
523 124 2450
520 35 2451
517 402 2452
18 516 2453
513 238 2454
80 2453 2455
324 505 2456
4 2455 2457
110 503 2458
497 26 2459
486 28 2460
169 113 2461
470 26 2462
459 12 2463
459 26 2464
163 160 2465
450 129 2466
105 450 2467
102 450 2468
445 49 2469
10 443 2470
442 258 2471
441 113 2472
441 333 2473
2472 175 2474
430 390 2475
4 426 2476
35 421 2477
4 421 2478
417 28 2479
413 15 2480
412 233 2481
404 28 2482
402 103 2483
139 2483 2484
127 402 2485
401 40 2486
212 390 2487
15 388 2488
140 370 2489
368 16 2490
366 105 2491
163 361 2492
119 356 2493
126 354 2494
8 30 2495
8 339 2496
184 2495 2497
333 222 2498
329 107 2499
119 317 2500
312 176 2501
309 233 2502
2501 155 2503
2502 8 2504
114 308 2505
130 307 2506
305 12 2507
303 31 2508
303 52 2509
300 32 2510
300 7 2511
299 267 2512
290 40 2513
283 113 2514
278 35 2515
262 176 2516
262 243 2517
259 38 2518
122 254 2519
250 44 2520
249 11 2521
142 249 2522
139 247 2523
241 124 2524
237 28 2525
235 204 2526
119 234 2527
17 233 2528
227 15 2529
226 129 2530
214 100 2531
2530 21 2532
109 213 2533
211 47 2534
22 206 2535
202 178 2536
201 123 2537
103 199 2538
158 198 2539
196 38 2540
196 59 2541
196 49 2542
194 13 2543
190 137 2544
133 187 2545
186 13 2546
185 27 2547
182 57 2548
176 68 2549
140 2549 2550
170 52 2551
169 149 2552
127 155 2553
153 16 2554
152 66 2555
126 148 2556
124 144 2557
18 144 2558
111 2557 2559
138 113 2560
75 136 2561
135 100 2562
130 105 2563
11 124 2564
123 124 2565
119 110 2566
62 112 2567
111 110 2568
81 61 2569
48 8 2570
4 85 2571
57 26 2572
64 38 2573
48 44 2574
33 2574 2575
48 31 2576
42 2575 2577
260 2573 2578
33 27 2579
76 7 2580
48 17 2581
15 21 2582
45 26 2583
284 2582 2584
38 48 2585
2570 2225 2586
192 2569 2587
2586 1660 2588
6 76 2589
2588 363 2590
2589 8 2591
429 2591 2592
48 5 2593
104 62 2594
5 2567 2595
2594 6 2596
60 2595 2597
116 103 2598
1969 2597 2599
116 19 2600
20 2564 2601
126 115 2602
157 2601 2603
126 5 2604
2563 876 2605
2604 129 2606
133 22 2607
2606 413 2608
20 137 2609
2608 574 2610
361 2609 2611
1411 2560 2612
855 2611 2613
336 2558 2614
2556 16 2615
149 112 2616
2554 65 2617
154 2616 2618
2552 14 2619
2550 882 2620
2619 198 2621
165 2548 2622
2621 280 2623
177 22 2624
2547 42 2625
182 28 2626
272 2546 2627
187 20 2628
1016 2627 2629
172 2544 2630
15 2629 2631
846 2630 2632
260 2631 2633
190 124 2634
101 194 2635
10 2543 2636
2542 45 2637
197 129 2638
351 2538 2639
2537 253 2640
199 138 2641
2640 7 2642
2641 107 2643
368 2643 2644
2536 319 2645
201 114 2646
196 2535 2647
99 207 2648
188 2648 2649
207 123 2650
158 2649 2651
2650 16 2652
2652 331 2653
260 2653 2654
12 215 2655
117 30 2656
232 175 2657
2527 355 2658
233 182 2659
2523 137 2660
2521 1644 2661
1266 2661 2662
250 52 2663
2518 50 2664
256 114 2665
278 59 2666
278 56 2667
2514 138 2668
2668 800 2669
48 301 2670
2504 1898 2671
13 314 2672
112 329 2673
219 2672 2674
24 2673 2675
119 2499 2676
1589 2498 2677
13 137 2678
832 2488 2679
1964 2678 2680
391 12 2681
2485 341 2682
2484 8 2683
2480 1723 2684
26 2477 2685
2476 1098 2686
425 23 2687
435 6 2688
2473 175 2689
2471 124 2690
2469 44 2691
482 2467 2692
173 2466 2693
2465 267 2694
244 2693 2695
106 5 2696
111 457 2697
2696 68 2698
2698 26 2699
77 2699 2700
460 233 2701
105 2700 2702
2233 2701 2703
153 2702 2704
147 468 2705
2461 1924 2706
5 471 2707
207 2458 2708
1016 2707 2709
502 5 2710
111 2709 2711
2710 114 2712
697 2456 2713
511 12 2714
20 2454 2715
2714 706 2716
118 2715 2717
377 2452 2718
110 9 2719
548 175 2720
2719 767 2721
126 2720 2722
131 2721 2723
1571 2447 2724
748 2446 2725
118 2724 2726
2439 25 2727
2238 2428 2728
2727 620 2729
2427 105 2730
2426 107 2731
2730 1046 2732
2422 24 2733
30 8 2734
2733 266 2735
2417 12 2736
2414 103 2737
133 27 2738
2413 865 2739
2407 2116 2740
197 2740 2741
2402 767 2742
2400 304 2743
2318 2398 2744
160 21 2745
793 107 2746
127 2387 2747
1641 2746 2748
160 2384 2749
273 2383 2750
202 2749 2751
1393 2379 2752
841 103 2753
1159 2375 2754
2369 124 2755
1116 2366 2756
2363 122 2757
1981 2756 2758
2360 107 2759
154 18 2760
8 117 2761
12 57 2762
1921 2761 2763
378 2357 2764
48 2355 2765
2351 12 2766
2349 107 2767
970 122 2768
115 175 2769
8 12 2770
883 999 2771
1490 2770 2772
2336 160 2773
12 1065 2774
2773 395 2775
184 2774 2776
2327 26 2777
25 105 2778
140 1094 2779
366 2778 2780
2779 1716 2781
115 23 2782
2781 551 2783
113 19 2784
2321 21 2785
2317 134 2786
1393 2316 2787
306 2306 2788
430 2302 2789
2295 987 2790
6 105 2791
2293 592 2792
2292 468 2793
15 15 2794
2289 124 2795
2283 7 2796
2264 1002 2797
1309 14 2798
12 18 2799
2798 1808 2800
2263 23 2801
2258 308 2802
2251 107 2803
2248 12 2804
2246 579 2805
1640 2240 2806
2805 122 2807
2237 1682 2808
1422 2236 2809
328 2235 2810
2234 107 2811
153 2810 2812
561 2231 2813
1652 2227 2814
1439 48 2815
143 1452 2816
2815 34 2817
2816 800 2818
2817 1932 2819
2819 355 2820
334 2820 2821
348 2224 2822
1031 2221 2823
110 2215 2824
2211 26 2825
640 2824 2826
420 2207 2827
124 28 2828
1549 2206 2829
144 26 2830
2184 26 2831
456 2183 2832
2181 2173 2833
336 2832 2834
2170 2063 2835
158 2169 2836
2167 191 2837
163 324 2838
16 285 2839
6 280 2840
481 2839 2841
2162 222 2842
2155 122 2843
2149 26 2844
98 2148 2845
2147 443 2846
327 2846 2847
2146 1644 2848
1461 2145 2849
184 2144 2850
2142 177 2851
104 2141 2852
116 2139 2853
764 2135 2854
19 2853 2855
1240 2854 2856
284 2855 2857
2134 12 2858
2125 12 2859
2123 23 2860
2118 182 2861
259 2108 2862
144 1122 2863
2105 314 2864
1886 2099 2865
21 107 2866
2084 825 2867
2081 796 2868
571 2076 2869
38 2074 2870
1640 2869 2871
476 2870 2872
14 2070 2873
2062 124 2874
372 2873 2875
310 2056 2876
259 2875 2877
2055 100 2878
1331 2051 2879
2878 558 2880
2048 186 2881
2041 113 2882
2038 12 2883
2037 151 2884
2025 384 2885
2018 620 2886
2011 301 2887
2887 1110 2888
107 2888 2889
2007 12 2890
153 2889 2891
2006 308 2892
77 10 2893
11 57 2894
1999 1190 2895
136 2894 2896
20 104 2897
123 2896 2898
2897 1437 2899
212 2898 2900
143 2899 2901
156 1997 2902
1995 213 2903
111 123 2904
1994 419 2905
2904 968 2906
1993 1443 2907
2906 12 2908
183 1991 2909
27 10 2910
1987 191 2911
1986 124 2912
1212 1982 2913
165 114 2914
15 167 2915
1409 1974 2916
1491 2915 2917
440 2916 2918
269 1970 2919
1966 51 2920
257 2919 2921
1965 12 2922
1964 175 2923
2922 1318 2924
2923 123 2925
119 10 2926
64 207 2927
1950 15 2928
2927 253 2929
2929 160 2930
300 2930 2931
1950 191 2932
430 1949 2933
158 1949 2934
18 238 2935
154 240 2936
104 2935 2937
252 12 2938
260 14 2939
585 1946 2940
139 1945 2941
153 1945 2942
281 110 2943
290 47 2944
298 107 2945
300 12 2946
1934 1082 2947
318 26 2948
1921 1580 2949
1914 1855 2950
2949 23 2951
119 1909 2952
156 1909 2953
1902 117 2954
1441 1901 2955
1324 1898 2956
888 2955 2957
1894 124 2958
21 494 2959
1891 254 2960
218 2960 2961
306 1891 2962
215 21 2963
1886 817 2964
22 113 2965
142 1881 2966
108 1879 2967
585 1879 2968
1876 796 2969
1876 318 2970
109 1875 2971
163 1874 2972
1864 706 2973
1864 104 2974
1857 28 2975
101 1855 2976
658 113 2977
16 172 2978
2977 179 2979
2978 569 2980
2979 175 2981
749 2980 2982
2981 620 2983
688 28 2984
431 1840 2985
1838 12 2986
100 764 2987
1836 107 2988
6 26 2989
1826 12 2990
1820 566 2991
1818 107 2992
19 1818 2993
1817 225 2994
948 2993 2995
1815 341 2996
1812 103 2997
512 2997 2998
1801 117 2999
133 2998 3000
2999 182 3001
1798 28 3002
1777 107 3003
103 6 3004
1773 116 3005
377 3005 3006
1771 12 3007
377 1764 3008
614 1764 3009
1761 123 3010
1759 292 3011
1753 26 3012
1751 406 3013
1095 1749 3014
183 1746 3015
212 1746 3016
103 26 3017
1745 20 3018
1744 687 3019
130 1738 3020
1736 308 3021
1736 5 3022
309 1723 3023
1722 144 3024
105 1717 3025
1709 767 3026
111 3025 3027
1693 117 3028
1692 124 3029
127 3029 3030
1683 536 3031
3031 123 3032
183 3032 3033
1680 26 3034
133 1676 3035
640 1675 3036
544 1675 3037
1673 280 3038
288 1670 3039
1667 1117 3040
1666 191 3041
3040 6 3042
27 27 3043
290 1662 3044
49 31 3045
4 37 3046
22 105 3047
260 3047 3048
138 6 3049
144 58 3050
616 3049 3051
3050 136 3052
118 3052 3053
119 155 3054
3054 6 3055
155 7 3056
1655 23 3057
6 187 3058
439 1651 3059
168 3058 3060
212 112 3061
1089 1638 3062
3061 465 3063
1636 1343 3064
1635 1346 3065
288 1633 3066
1630 107 3067
1630 225 3068
18 296 3069
1626 490 3070
674 3069 3071
1626 5 3072
141 3071 3073
1625 122 3074
1625 5 3075
21 387 3076
3076 357 3077
991 3077 3078
1619 103 3079
1615 332 3080
1613 1350 3081
3080 191 3082
1590 28 3083
1586 331 3084
1584 7 3085
1584 123 3086
679 225 3087
115 1580 3088
204 12 3089
113 9 3090
40 31 3091
1553 308 3092
1550 1253 3093
1549 514 3094
1534 124 3095
148 1531 3096
1529 238 3097
163 1527 3098
114 1527 3099
399 1520 3100
295 1519 3101
1513 554 3102
1510 124 3103
1012 1508 3104
1389 1507 3105
183 3104 3106
1505 1443 3107
1502 505 3108
1502 149 3109
1498 52 3110
3109 11 3111
1493 167 3112
1490 1170 3113
130 1485 3114
1480 28 3115
1175 1475 3116
1471 857 3117
1462 349 3118
1461 514 3119
53 1447 3120
4 1446 3121
220 1435 3122
8 1435 3123
1433 730 3124
843 3123 3125
1431 26 3126
1427 349 3127
243 1425 3128
1424 178 3129
1204 3128 3130
3129 382 3131
127 3131 3132
120 1419 3133
141 172 3134
1215 3133 3135
3134 115 3136
1414 176 3137
1412 21 3138
1412 264 3139
1411 21 3140
221 179 3141
225 124 3142
3141 99 3143
1409 155 3144
3143 12 3145
154 3144 3146
126 1409 3147
212 1408 3148
1407 444 3149
201 1405 3150
1404 124 3151
1403 26 3152
1400 487 3153
1400 488 3154
444 3154 3155
1396 8 3156
1396 17 3157
441 1392 3158
1379 26 3159
351 1376 3160
648 1376 3161
1372 12 3162
156 1369 3163
152 1366 3164
1362 23 3165
262 3165 3166
525 107 3167
1355 859 3168
1353 538 3169
1351 26 3170
105 1343 3171
1331 110 3172
1326 124 3173
3172 117 3174
734 11 3175
1171 1323 3176
3175 685 3177
20 1318 3178
1315 113 3179
128 3178 3180
1315 687 3181
257 3180 3182
1315 1308 3183
218 1314 3184
1313 12 3185
162 1312 3186
1311 28 3187
617 1305 3188
1304 122 3189
141 1302 3190
1298 258 3191
3191 11 3192
260 3192 3193
1293 796 3194
1290 12 3195
953 12 3196
1285 12 3197
153 3196 3198
1281 26 3199
1273 53 3200
153 1271 3201
339 1271 3202
1266 419 3203
226 3202 3204
1264 26 3205
1264 280 3206
1263 124 3207
1263 1199 3208
1260 59 3209
1259 12 3210
1259 355 3211
1254 558 3212
1254 26 3213
452 1253 3214
1248 5 3215
585 1246 3216
126 1242 3217
934 1242 3218
1241 756 3219
1237 53 3220
1237 12 3221
220 3221 3222
156 1237 3223
111 1235 3224
1233 406 3225
1229 1195 3226
1228 252 3227
3227 5 3228
702 3228 3229
244 1227 3230
1221 70 3231
1220 683 3232
1219 123 3233
657 3233 3234
21 178 3235
19 105 3236
622 3235 3237
7 17 3238
1212 496 3239
1210 56 3240
399 1209 3241
15 12 3242
9 265 3243
896 3242 3244
258 3243 3245
119 330 3246
154 3245 3247
10 8 3248
616 1197 3249
3248 304 3250
3250 11 3251
260 3251 3252
370 114 3253
1192 1106 3254
154 3253 3255
1186 28 3256
1183 12 3257
176 1181 3258
1177 137 3259
128 3258 3260
3259 308 3261
1175 254 3262
1172 26 3263
1167 75 3264
1165 247 3265
1164 26 3266
3265 292 3267
1159 245 3268
126 1157 3269
201 1155 3270
194 1143 3271
1140 5 3272
286 3271 3273
3272 124 3274
1139 12 3275
1136 238 3276
1132 103 3277
140 3277 3278
1129 26 3279
1121 464 3280
122 1118 3281
140 1115 3282
1113 12 3283
1112 28 3284
1112 26 3285
410 1108 3286
482 1106 3287
502 1106 3288
273 1105 3289
12 70 3290
12 62 3291
33 30 3292
264 1098 3293
28 3292 3294
1095 100 3295
1095 138 3296
139 18 3297
4 1094 3298
3297 264 3299
15 179 3300
1092 17 3301
1089 137 3302
3301 574 3303
1089 356 3304
133 1088 3305
3304 619 3306
1075 494 3307
455 198 3308
1064 721 3309
13 7 3310
120 28 3311
1044 28 3312
21 1042 3313
1040 26 3314
1028 800 3315
111 1026 3316
1022 860 3317
9 1014 3318
104 1014 3319
846 3318 3320
189 1013 3321
1012 968 3322
311 3321 3323
891 3322 3324
126 1012 3325
842 1009 3326
709 1009 3327
1003 48 3328
366 1001 3329
5 1001 3330
12 1000 3331
133 103 3332
248 3331 3333
3332 434 3334
10 149 3335
3334 252 3336
791 3335 3337
996 478 3338
996 444 3339
995 419 3340
995 856 3341
3340 238 3342
9 182 3343
710 994 3344
119 994 3345
993 28 3346
992 10 3347
989 733 3348
610 986 3349
75 983 3350
982 915 3351
980 28 3352
978 28 3353
183 335 3354
855 966 3355
3354 115 3356
218 959 3357
16 30 3358
957 12 3359
169 950 3360
379 944 3361
935 267 3362
133 3362 3363
111 935 3364
407 930 3365
235 927 3366
326 925 3367
320 924 3368
439 3367 3369
920 48 3370
244 919 3371
913 5 3372
906 321 3373
791 3373 3374
905 767 3375
141 902 3376
892 28 3377
889 74 3378
888 103 3379
410 40 3380
878 587 3381
866 12 3382
866 107 3383
442 864 3384
703 341 3385
702 862 3386
154 3385 3387
718 859 3388
15 857 3389
156 856 3390
852 773 3391
849 681 3392
37 56 3393
844 477 3394
173 117 3395
14 176 3396
500 3395 3397
23 3396 3398
9 186 3399
169 3398 3400
118 840 3401
839 782 3402
728 838 3403
731 838 3404
641 837 3405
834 124 3406
302 103 3407
12 826 3408
825 267 3409
506 3408 3410
791 825 3411
823 68 3412
429 816 3413
3412 122 3414
348 801 3415
798 53 3416
119 797 3417
212 797 3418
793 305 3419
793 120 3420
583 3419 3421
428 3420 3422
789 388 3423
787 26 3424
785 186 3425
785 128 3426
148 207 3427
775 122 3428
156 3427 3429
768 592 3430
766 409 3431
766 243 3432
606 764 3433
157 762 3434
571 758 3435
757 264 3436
119 3435 3437
756 26 3438
754 107 3439
754 267 3440
101 3439 3441
436 3440 3442
749 405 3443
743 26 3444
742 107 3445
113 740 3446
724 26 3447
723 12 3448
716 28 3449
201 713 3450
710 205 3451
707 53 3452
640 706 3453
702 15 3454
699 8 3455
699 10 3456
130 3455 3457
3456 318 3458
259 3458 3459
110 692 3460
111 689 3461
688 56 3462
680 124 3463
680 107 3464
677 267 3465
673 252 3466
672 222 3467
669 12 3468
668 191 3469
122 3469 3470
666 241 3471
4 3470 3472
154 3471 3473
510 258 3474
119 665 3475
3474 53 3476
664 107 3477
165 664 3478
298 654 3479
4 652 3480
154 3479 3481
651 175 3482
648 103 3483
101 645 3484
3483 254 3485
439 645 3486
511 639 3487
366 639 3488
19 21 3489
633 104 3490
631 592 3491
631 182 3492
118 3492 3493
627 26 3494
623 57 3495
621 56 3496
621 49 3497
326 620 3498
612 26 3499
135 3498 3500
611 15 3501
126 3500 3502
610 296 3503
463 607 3504
3503 53 3505
606 12 3506
606 122 3507
606 5 3508
597 26 3509
9 596 3510
133 593 3511
590 22 3512
4 587 3513
585 537 3514
582 26 3515
3514 8 3516
581 487 3517
578 176 3518
574 267 3519
118 3519 3520
573 28 3521
111 572 3522
244 570 3523
569 124 3524
569 104 3525
253 3525 3526
560 124 3527
334 3526 3528
133 559 3529
558 26 3530
324 558 3531
556 28 3532
454 3531 3533
555 435 3534
555 107 3535
165 3534 3536
555 123 3537
158 3537 3538
551 100 3539
259 551 3540
153 550 3541
549 16 3542
127 537 3543
240 537 3544
531 26 3545
518 26 3546
6 516 3547
119 513 3548
382 513 3549
108 512 3550
48 3549 3551
500 5 3552
499 113 3553
499 285 3554
3553 84 3555
201 3555 3556
201 496 3557
98 489 3558
486 26 3559
25 484 3560
201 479 3561
160 110 3562
472 124 3563
105 471 3564
368 471 3565
470 28 3566
300 467 3567
226 465 3568
462 103 3569
459 28 3570
455 26 3571
454 357 3572
453 5 3573
355 450 3574
448 173 3575
126 3574 3576
439 25 3577
212 335 3578
301 434 3579
114 433 3580
432 427 3581
133 426 3582
424 331 3583
421 36 3584
3583 238 3585
410 421 3586
197 419 3587
9 413 3588
412 361 3589
410 382 3590
408 26 3591
156 403 3592
402 105 3593
126 3593 3594
202 402 3595
299 395 3596
392 26 3597
386 14 3598
169 3598 3599
332 386 3600
382 12 3601
104 17 3602
262 375 3603
359 372 3604
169 372 3605
366 129 3606
365 361 3607
262 361 3608
291 361 3609
158 356 3610
19 354 3611
153 354 3612
232 3611 3613
262 353 3614
108 353 3615
351 16 3616
350 28 3617
346 11 3618
32 343 3619
340 26 3620
339 279 3621
171 3621 3622
163 339 3623
165 3622 3624
328 240 3625
3625 129 3626
220 3626 3627
130 324 3628
136 319 3629
111 317 3630
169 3629 3631
315 191 3632
311 104 3633
19 308 3634
306 17 3635
305 124 3636
304 23 3637
303 35 3638
300 29 3639
300 43 3640
300 33 3641
3640 190 3642
300 34 3643
3642 264 3644
299 28 3645
3644 7 3646
299 280 3647
3646 57 3648
291 124 3649
290 56 3650
3649 103 3651
290 49 3652
139 289 3653
276 137 3654
176 276 3655
163 275 3656
115 267 3657
163 266 3658
7 265 3659
114 264 3660
257 203 3661
113 254 3662
116 254 3663
190 254 3664
253 122 3665
251 26 3666
158 249 3667
15 249 3668
246 56 3669
243 104 3670
21 242 3671
110 242 3672
190 242 3673
240 199 3674
208 3673 3675
240 12 3676
3676 175 3677
127 3677 3678
201 240 3679
234 122 3680
108 3680 3681
146 7 3682
228 15 3683
141 225 3684
215 122 3685
158 215 3686
133 215 3687
24 213 3688
212 15 3689
211 45 3690
112 207 3691
170 207 3692
156 205 3693
141 205 3694
204 187 3695
140 203 3696
202 76 3697
202 33 3698
3697 11 3699
3698 26 3700
197 23 3701
196 55 3702
196 56 3703
196 46 3704
196 33 3705
196 39 3706
169 187 3707
112 186 3708
185 10 3709
185 123 3710
114 175 3711
172 17 3712
170 56 3713
170 59 3714
169 80 3715
169 115 3716
163 149 3717
108 161 3718
156 46 3719
153 149 3720
3719 29 3721
48 144 3722
141 105 3723
140 123 3724
139 104 3725
138 19 3726
119 3726 3727
137 23 3728
108 135 3729
125 21 3730
117 122 3731
108 120 3732
111 3731 3733
119 117 3734
118 29 3735
118 106 3736
77 112 3737
48 100 3738
77 12 3739
33 47 3740
26 49 3741
62 28 3742
51 48 3743
41 3742 3744
3743 63 3745
1429 3744 3746
3745 3600 3747
65 3747 3748
3743 35 3749
133 3748 3750
3749 41 3751
133 3751 3752
191 3742 3753
3741 421 3754
232 3753 3755
993 3754 3756
3741 47 3757
3757 35 3758
1647 3758 3759
66 7 3760
29 53 3761
3760 58 3762
32 3761 3763
118 3762 3764
1652 3763 3765
3740 45 3766
3740 44 3767
153 3766 3768
118 3767 3769
48 25 3770
49 26 3771
3770 738 3772
44 3771 3773
3772 479 3774
246 3773 3775
371 3774 3776
7 76 3777
39 26 3778
3777 14 3779
51 3778 3780
3779 160 3781
2571 3780 3782
154 3781 3783
18 30 3784
51 65 3785
3784 137 3786
259 3785 3787
311 3786 3788
9 26 3789
338 3739 3790
3238 3789 3791
9 3790 3792
14 3791 3793
187 3792 3794
149 3793 3795
544 3794 3796
183 3795 3797
9 3739 3798
46 61 3799
100 3798 3800
61 3799 3801
201 3800 3802
202 3801 3803
38 53 3804
3738 3560 3805
46 3804 3806
2722 3805 3807
38 3806 3808
2308 3738 3809
1965 3808 3810
48 29 3811
43 46 3812
3811 272 3813
156 3812 3814
3813 113 3815
3815 190 3816
3816 3291 3817
68 3817 3818
58 26 3819
99 3818 3820
3819 833 3821
16 3820 3822
3821 488 3823
541 3822 3824
1038 3823 3825
27 64 3826
75 100 3827
140 3826 3828
3450 3827 3829
104 23 3830
3737 7 3831
13 3830 3832
118 3831 3833
989 3832 3834
3737 68 3835
201 3835 3836
111 104 3837
3736 782 3838
68 113 3839
3838 26 3840
172 3839 3841
108 114 3842
185 3841 3843
3842 447 3844
11 114 3845
3845 26 3846
24 3846 3847
11 116 3848
1092 3847 3849
90 3848 3850
117 18 3851
1078 3850 3852
3851 490 3853
309 3853 3854
3735 33 3855
3735 2576 3856
3734 175 3857
3856 35 3858
3857 28 3859
3734 450 3860
3730 137 3861
116 124 3862
125 18 3863
3516 3862 3864
3863 376 3865
3729 105 3866
3729 2229 3867
126 123 3868
18 129 3869
3868 8 3870
3869 357 3871
3870 104 3872
2506 3871 3873
3872 395 3874
896 3728 3875
3679 3728 3876
3727 267 3877
129 138 3878
3725 3601 3879
3878 816 3880
140 3880 3881
3725 2521 3882
3724 66 3883
3882 191 3884
3883 233 3885
3723 186 3886
3723 8 3887
3886 2470 3888
3887 2938 3889
140 9 3890
3722 1749 3891
3890 66 3892
841 3891 3893
3892 15 3894
3722 2565 3895
2424 3895 3896
23 144 3897
20 144 3898
1441 3897 3899
591 3898 3900
371 3899 3901
855 3900 3902
3721 31 3903
27 148 3904
149 7 3905
3904 321 3906
19 3905 3907
3348 3906 3908
143 3907 3909
3720 296 3910
3720 1219 3911
153 104 3912
3911 26 3913
3912 1492 3914
156 15 3915
3914 25 3916
3915 243 3917
3916 512 3918
3917 28 3919
3918 1830 3920
3718 2791 3921
3718 103 3922
3717 2229 3923
3717 2762 3924
32 161 3925
3716 1016 3926
3925 167 3927
3926 104 3928
791 3927 3929
3716 179 3930
10 167 3931
3930 816 3932
42 3931 3933
170 26 3934
73 3933 3935
3934 31 3936
180 3935 3937
3936 45 3938
3713 37 3939
3938 45 3940
3939 1015 3941
3713 40 3942
3712 587 3943
3712 2830 3944
179 3943 3945
4 3944 3946
111 3945 3947
3711 800 3948
140 3948 3949
139 3711 3950
129 175 3951
18 176 3952
407 3951 3953
387 3952 3954
17 176 3955
17 3954 3956
3955 178 3957
2238 3956 3958
101 3957 3959
176 23 3960
14 178 3961
1416 3960 3962
300 3961 3963
24 178 3964
179 18 3965
3964 12 3966
3965 2626 3967
168 3966 3968
952 3967 3969
18 182 3970
3709 76 3971
2568 3970 3972
3971 68 3973
3709 167 3974
3973 1350 3975
3708 409 3976
3976 1637 3977
3977 464 3978
156 3978 3979
291 3708 3980
3707 2989 3981
3707 2840 3982
135 186 3983
30 186 3984
3983 296 3985
3984 1121 3986
138 3985 3987
3986 446 3988
320 3987 3989
789 3988 3990
186 117 3991
186 11 3992
1660 3991 3993
309 3992 3994
2785 3993 3995
3706 3220 3996
3706 301 3997
126 194 3998
3997 16 3999
3998 12 4000
3999 11 4001
194 11 4002
4001 48 4003
4002 2963 4004
4003 43 4005
4004 18 4006
4005 103 4007
4006 304 4008
4007 1301 4009
4008 7 4010
118 4010 4011
3705 113 4012
3705 1665 4013
4012 388 4014
4013 53 4015
4014 53 4016
196 104 4017
3704 107 4018
3704 1102 4019
3703 1565 4020
4019 53 4021
3702 234 4022
3702 3220 4023
4022 23 4024
196 32 4025
4024 53 4026
4025 1878 4027
196 8 4028
3701 592 4029
4028 11 4030
4029 110 4031
3701 1540 4032
4031 2496 4033
4032 3660 4034
198 26 4035
198 12 4036
220 4035 4037
924 4036 4038
202 137 4039
108 4038 4040
4039 1830 4041
3696 1005 4042
156 204 4043
4042 488 4044
3695 305 4045
3695 7 4046
4045 137 4047
156 4046 4048
1212 4047 4049
3694 1084 4050
3694 2634 4051
3691 115 4052
348 4052 4053
368 3691 4054
3689 11 4055
3689 449 4056
4055 135 4057
4056 23 4058
4057 26 4059
212 18 4060
3688 800 4061
4060 258 4062
175 4061 4063
4062 37 4064
780 4063 4065
4064 1595 4066
3688 376 4067
4067 280 4068
100 4068 4069
3687 2240 4070
2939 4069 4071
4070 409 4072
3687 104 4073
3686 2572 4074
142 3685 4075
98 3685 4076
3684 254 4077
3684 207 4078
218 207 4079
4078 2250 4080
4079 176 4081
220 115 4082
4081 1033 4083
4082 150 4084
3683 425 4085
3683 2099 4086
4085 254 4087
3682 53 4088
3347 4088 4089
2910 3682 4090
16 229 4091
75 4090 4092
4091 2992 4093
1631 4092 4094
2285 4093 4095
3679 1178 4096
238 166 4097
3678 124 4098
4097 446 4099
3608 4099 4100
3678 107 4101
9 240 4102
351 3674 4103
4102 7 4104
476 4104 4105
1089 3674 4106
197 3672 4107
2392 3672 4108
3671 14 4109
3671 267 4110
4109 280 4111
1604 4110 4112
1998 4111 4113
2015 4112 4114
3670 331 4115
2646 4115 4116
120 3670 4117
3669 2228 4118
201 4117 4119
3669 2583 4120
243 12 4121
3668 857 4122
127 4121 4123
111 4122 4124
3668 5 4125
726 4125 4126
3667 124 4127
142 4126 4128
3667 107 4129
3665 75 4130
4130 19 4131
4131 550 4132
766 4132 4133
165 3665 4134
253 26 4135
253 107 4136
1926 4135 4137
3594 4136 4138
226 4137 4139
921 3664 4140
1751 3664 4141
3663 28 4142
377 4142 4143
749 3663 4144
3662 74 4145
99 4145 4146
262 3662 4147
3328 4146 4148
3661 12 4149
3661 267 4150
173 254 4151
218 4151 4152
254 26 4153
712 3660 4154
997 4153 4155
261 9 4156
262 115 4157
4156 2948 4158
4157 479 4159
377 4158 4160
262 112 4161
262 11 4162
4161 253 4163
4162 2524 4164
208 264 4165
3659 26 4166
4165 115 4167
291 4166 4168
262 3659 4169
3658 107 4170
3655 3657 4171
120 3657 4172
472 4171 4173
153 4172 4174
3656 26 4175
269 117 4176
1192 3655 4177
4176 7 4178
114 4178 4179
113 3654 4180
510 4179 4181
989 4180 4182
143 3654 4183
120 285 4184
44 45 4185
4184 191 4186
4185 35 4187
190 4186 4188
4187 53 4189
141 4188 4190
993 4189 4191
3652 28 4192
3650 1406 4193
3650 26 4194
4193 444 4195
293 53 4196
299 21 4197
4 4196 4198
4197 124 4199
3643 99 4200
3643 13 4201
3641 3111 4202
4201 116 4203
4202 1342 4204
3641 148 4205
3639 460 4206
4205 243 4207
4206 30 4208
4207 857 4209
3639 1235 4210
3638 31 4211
303 49 4212
3637 144 4213
4212 1447 4214
425 4213 4215
4214 444 4216
163 4215 4217
584 3637 4218
130 305 4219
153 4218 4220
4219 213 4221
257 305 4222
4221 735 4223
4222 2161 4224
3636 18 4225
4225 1365 4226
257 4226 4227
1708 3636 4228
3635 559 4229
3635 363 4230
913 3634 4231
4230 28 4232
20 4231 4233
99 3634 4234
306 4233 4235
1099 4234 4236
3633 857 4237
3633 122 4238
313 103 4239
22 317 4240
3630 217 4241
160 4240 4242
4241 28 4243
140 4242 4244
9 318 4245
3628 2828 4246
735 4245 4247
3628 1096 4248
11 4247 4249
4248 117 4250
407 4249 4251
320 5 4252
327 15 4253
4252 569 4254
4253 105 4255
24 331 4256
4255 167 4257
253 4256 4258
335 124 4259
183 4258 4260
3018 4259 4261
336 148 4262
3623 706 4263
4262 3547 4264
3619 265 4265
3619 5 4266
86 4265 4267
196 4266 4268
1164 4267 4269
346 53 4270
3616 873 4271
3616 1000 4272
351 18 4273
353 123 4274
4273 241 4275
985 4274 4276
4275 994 4277
3610 105 4278
3610 23 4279
4278 124 4280
366 144 4281
368 12 4282
4281 968 4283
4282 499 4284
98 22 4285
4284 986 4286
4285 120 4287
4286 2528 4288
4287 23 4289
3602 652 4290
4289 3551 4291
16 4290 4292
3602 1520 4293
391 4292 4294
4293 182 4295
585 4295 4296
241 204 4297
377 253 4298
1831 4297 4299
4298 1033 4300
377 305 4301
381 19 4302
4301 318 4303
4302 388 4304
20 3601 4305
4304 28 4306
660 4305 4307
3600 1974 4308
262 4307 4309
163 4308 4310
3595 240 4311
3594 683 4312
4311 17 4313
3592 13 4314
4313 11 4315
4314 360 4316
126 405 4317
4316 490 4318
4317 538 4319
406 122 4320
411 114 4321
952 4320 4322
4321 17 4323
2553 3588 4324
4323 664 4325
441 3588 4326
412 116 4327
14 413 4328
4327 30 4329
4328 535 4330
4330 831 4331
131 4331 4332
212 11 4333
3586 15 4334
3585 279 4335
4334 24 4336
201 4335 4337
141 3585 4338
3584 1687 4339
4339 478 4340
250 4340 4341
278 3584 4342
57 4341 4343
93 4342 4344
3512 4343 4345
3083 4344 4346
424 122 4347
3582 1729 4348
441 4347 4349
4348 926 4350
3582 117 4351
12 426 4352
1208 4352 4353
4351 12 4354
430 25 4355
3580 1143 4356
4355 1691 4357
4356 26 4358
154 4358 4359
3580 28 4360
1022 4360 4361
262 3579 4362
368 4361 4363
2196 3579 4364
3578 124 4365
3577 357 4366
3577 324 4367
233 443 4368
4367 1712 4369
2697 4368 4370
103 443 4371
3575 254 4372
249 4371 4373
3575 2111 4374
920 4373 4375
3573 1086 4376
3568 1504 4377
4376 444 4378
4377 1595 4379
3567 1676 4380
3567 1972 4381
4380 144 4382
4381 124 4383
400 19 4384
468 395 4385
4384 110 4386
2660 4385 4387
4386 254 4388
3565 26 4389
828 3564 4390
475 3564 4391
333 471 4392
3563 2116 4393
16 4392 4394
3563 120 4395
48 4394 4396
3562 357 4397
821 4396 4398
141 4397 4399
3562 1830 4400
259 4400 4401
476 178 4402
35 477 4403
4402 3056 4404
1504 4403 4405
478 278 4406
2751 4405 4407
4406 464 4408
4408 278 4409
4409 477 4410
250 4410 4411
288 3560 4412
534 4411 4413
3558 113 4414
431 4413 4415
4414 559 4416
3558 124 4417
27 6 4418
3554 926 4419
4418 1690 4420
2336 4419 4421
86 4420 4422
10 3554 4423
175 4422 4424
126 4423 4425
719 4424 4426
3096 3551 4427
156 4426 4428
336 4427 4429
3550 2670 4430
512 11 4431
4430 2232 4432
309 4431 4433
355 3547 4434
524 186 4435
156 4434 4436
98 10 4437
262 525 4438
4437 534 4439
4438 28 4440
3544 514 4441
3544 23 4442
264 4441 4443
1549 4442 4444
23 4443 4445
3543 247 4446
12 4445 4447
3543 20 4448
141 4447 4449
4448 107 4450
3542 593 4451
3542 135 4452
3539 443 4453
4452 308 4454
11 4453 4455
3539 619 4456
2490 4455 4457
3370 4456 4458
351 3535 4459
648 3535 4460
113 558 4461
426 3530 4462
712 4461 4463
130 4462 4464
18 3530 4465
3529 2663 4466
188 4465 4467
4466 444 4468
1180 4467 4469
3529 28 4470
558 53 4471
109 3524 4472
115 4471 4473
151 3524 4474
2543 4473 4475
610 4474 4476
101 4475 4477
455 571 4478
15 571 4479
4478 361 4480
4479 604 4481
127 4481 4482
3520 2667 4483
142 3518 4484
4483 488 4485
133 3518 4486
2312 3517 4487
3116 3517 4488
3516 620 4489
106 107 4490
3513 2675 4491
823 4490 4492
4491 3017 4493
163 3510 4494
153 3510 4495
3508 1223 4496
598 387 4497
4496 509 4498
4497 124 4499
184 4499 4500
3504 26 4501
3501 116 4502
3501 1365 4503
4502 242 4504
141 4503 4505
4504 3291 4506
201 4506 4507
233 619 4508
31 56 4509
1411 4508 4510
259 4509 4511
3491 26 4512
843 4512 4513
152 3491 4514
3490 124 4515
3490 308 4516
2966 4515 4517
1174 4516 4518
3489 114 4519
4519 99 4520
4520 460 4521
23 4521 4522
622 3489 4523
111 4522 4524
3486 124 4525
3486 1274 4526
647 204 4527
212 10 4528
3480 425 4529
4528 617 4530
4529 2079 4531
3480 1305 4532
653 107 4533
3478 117 4534
304 4533 4535
4534 1016 4536
14 4535 4537
4536 182 4538
196 4537 4539
3478 756 4540
17 3477 4541
502 3477 4542
1051 4541 4543
3475 115 4544
789 3460 4545
429 3460 4546
3454 9 4547
3451 925 4548
4547 375 4549
3451 620 4550
658 709 4551
232 3448 4552
4551 124 4553
115 3448 4554
204 107 4555
2201 4554 4556
4555 1005 4557
4557 487 4558
420 4558 4559
309 3446 4560
476 3446 4561
171 15 4562
20 122 4563
4562 3188 4564
105 4563 4565
257 4564 4566
525 4565 4567
3443 182 4568
658 4567 4569
652 3438 4570
1623 3438 4571
546 4570 4572
1231 4571 4573
1607 4572 4574
3432 825 4575
3429 926 4576
269 115 4577
775 107 4578
4577 182 4579
469 4578 4580
544 4579 4581
126 3428 4582
114 3428 4583
19 19 4584
31 4584 4585
15 4583 4586
688 4585 4587
616 4586 4588
3426 2567 4589
111 103 4590
783 19 4591
4590 341 4592
3423 2093 4593
3421 1419 4594
4593 478 4595
3421 10 4596
820 274 4597
4596 1428 4598
4597 2938 4599
273 3409 4600
178 3409 4601
16 3407 4602
475 4601 4603
196 4602 4604
38 3407 4605
826 12 4606
1239 4605 4607
119 4606 4608
434 4607 4609
3403 12 4610
213 4609 4611
3401 100 4612
133 4611 4613
3401 1143 4614
3400 26 4615
4614 331 4616
840 10 4617
4616 26 4618
4617 361 4619
2926 4619 4620
3399 8 4621
3399 5 4622
4621 253 4623
133 4622 4624
476 4623 4625
3394 2083 4626
4626 509 4627
3022 4627 4628
2271 3394 4629
3393 532 4630
3393 491 4631
4631 4630 4632
289 4632 4633
48 12 4634
15 4633 4635
4634 1016 4636
417 4635 4637
4636 107 4638
534 4638 4639
632 3389 4640
655 4639 4641
2680 3389 4642
127 4641 4643
11 100 4644
3381 471 4645
2555 4644 4646
141 877 4647
6 28 4648
4647 341 4649
1966 4648 4650
21 115 4651
186 6 4652
4651 2505 4653
4652 1213 4654
1984 4653 4655
4654 28 4656
133 4656 4657
119 3372 4658
17 3372 4659
47 28 4660
228 4659 4661
1210 4660 4662
20 20 4663
4663 2519 4664
184 4664 4665
3371 222 4666
3371 285 4667
3370 15 4668
3368 911 4669
4668 1874 4670
4669 509 4671
3365 1982 4672
3365 902 4673
3361 925 4674
3361 620 4675
3360 26 4676
528 608 4677
954 12 4678
4677 107 4679
3358 267 4680
176 4680 4681
1722 3358 4682
113 4681 4683
3357 124 4684
127 4683 4685
3357 107 4686
131 3350 4687
57 3350 4688
3348 29 4689
1779 4688 4690
4689 213 4691
3347 1013 4692
4691 963 4693
4692 53 4694
3346 49 4695
3346 44 4696
17 994 4697
16 3343 4698
196 4697 4699
461 4698 4700
3337 3343 4701
506 4700 4702
57 996 4703
553 3339 4704
4703 488 4705
1940 4705 4706
1327 3339 4707
332 4706 4708
1711 3338 4709
449 4708 4710
57 3338 4711
575 4710 4712
1401 4711 4713
3337 113 4714
112 26 4715
22 3330 4716
114 4715 4717
48 4716 4718
102 4717 4719
1245 4718 4720
1716 3330 4721
3329 222 4722
954 4721 4723
3328 723 4724
658 3327 4725
127 3327 4726
324 1009 4727
3325 925 4728
2895 4727 4729
3325 2598 4730
241 3319 4731
1212 3319 4732
244 4731 4733
3317 28 4734
611 4734 4735
131 3317 4736
2681 4735 4737
3315 37 4738
3315 57 4739
4738 477 4740
16 433 4741
3313 3290 4742
187 4741 4743
2792 4742 4744
666 4743 4745
1827 3313 4746
2122 4745 4747
1043 15 4748
1081 4747 4749
4748 837 4750
2959 3311 4751
561 3311 4752
1173 4751 4753
3310 840 4754
4754 1274 4755
377 4755 4756
30 3310 4757
3308 124 4758
213 4757 4759
3307 124 4760
183 4759 4761
3302 857 4762
3302 122 4763
3300 578 4764
3300 107 4765
4764 28 4766
327 4765 4767
183 4766 4768
233 1093 4769
3296 103 4770
728 4769 4771
4770 1667 4772
3296 124 4773
4772 730 4774
3295 124 4775
3294 1100 4776
3294 848 4777
140 4776 4778
2440 4777 4779
124 12 4780
208 3293 4781
155 4780 4782
1161 3293 4783
1744 4782 4784
1099 105 4785
742 3290 4786
4785 2384 4787
3289 532 4788
3289 509 4789
3282 331 4790
3282 2580 4791
226 3281 4792
22 3281 4793
237 1121 4794
2039 4793 4795
4794 509 4796
237 3280 4797
2136 3280 4798
1123 263 4799
416 4798 4800
4799 23 4801
24 1132 4802
3276 28 4803
4802 182 4804
269 4804 4805
3275 74 4806
407 4805 4807
197 113 4808
3273 558 4809
4808 3214 4810
4809 28 4811
1145 617 4812
163 11 4813
1165 551 4814
4813 2011 4815
4814 375 4816
3264 110 4817
3264 1841 4818
1169 116 4819
1173 426 4820
4819 222 4821
4820 443 4822
2527 3260 4823
234 3260 4824
12 103 4825
17 4824 4826
4825 173 4827
368 4826 4828
4827 267 4829
1999 4829 4830
3249 3236 4831
3246 538 4832
3240 250 4833
3240 26 4834
4833 509 4835
3238 2235 4836
4835 278 4837
202 4836 4838
4837 446 4839
3237 191 4840
349 3236 4841
3230 28 4842
2081 4841 4843
11 144 4844
590 4843 4845
13 4844 4846
3225 124 4847
23 4846 4848
3225 5 4849
5 4848 4850
3218 26 4851
359 4850 4852
3217 433 4853
3217 13 4854
3214 70 4855
4854 1434 4856
152 4855 4857
4856 444 4858
3211 107 4859
30 12 4860
3203 26 4861
1521 4860 4862
3201 2684 4863
3201 2480 4864
3195 784 4865
4864 190 4866
3190 103 4867
4866 490 4868
4867 28 4869
3190 222 4870
1145 3188 4871
1310 361 4872
3184 134 4873
201 4872 4874
3184 182 4875
3179 124 4876
3179 292 4877
3177 28 4878
3174 1244 4879
3174 26 4880
4879 491 4881
1329 175 4882
2142 3171 4883
2426 3171 4884
262 3167 4885
1426 3167 4886
3166 2667 4887
3163 26 4888
4887 477 4889
3160 28 4890
331 28 4891
324 124 4892
2241 4891 4893
1985 4892 4894
467 4893 4895
1396 6 4896
192 4895 4897
3155 1686 4898
4898 491 4899
4899 1686 4900
4900 532 4901
917 4901 4902
1400 3155 4903
2600 4902 4904
3153 4903 4905
11 4904 4906
331 4905 4907
124 4906 4908
1303 4907 4909
394 4908 4910
13 4909 4911
267 3153 4912
249 4911 4913
2089 4912 4914
105 4913 4915
3150 28 4916
58 4915 4917
2918 3149 4918
4 4917 4919
392 3149 4920
3148 1230 4921
3147 23 4922
3147 285 4923
472 3142 4924
4923 2600 4925
6 3142 4926
4925 28 4927
1999 4926 4928
3140 144 4929
3140 191 4930
3139 730 4931
3139 662 4932
3138 474 4933
3138 160 4934
1412 12 4935
4934 122 4936
4935 873 4937
3137 1033 4938
3137 738 4939
17 5 4940
3132 2359 4941
4940 424 4942
4942 339 4943
300 4943 4944
3121 477 4945
3121 509 4946
3120 487 4947
4946 1446 4948
2797 4947 4949
4948 446 4950
3120 488 4951
933 4951 4952
3114 57 4953
258 107 4954
4953 278 4955
1123 4954 4956
4955 532 4957
3111 53 4958
4958 74 4959
153 4959 4960
1380 3108 4961
163 3108 4962
140 3103 4963
1667 3103 4964
3101 28 4965
1330 4964 4966
3100 124 4967
365 3099 4968
2402 3099 4969
257 3096 4970
688 3091 4971
44 3091 4972
3090 292 4973
45 4972 4974
309 4973 4975
51 4974 4976
3090 114 4977
220 4976 4978
1335 4977 4979
647 3089 4980
1801 3089 4981
1642 3088 4982
272 3088 4983
2540 3087 4984
366 4983 4985
154 3087 4986
134 28 4987
3078 28 4988
161 4987 4989
3068 28 4990
295 4989 4991
3064 1829 4992
3063 26 4993
4992 446 4994
3062 1475 4995
3062 107 4996
215 7 4997
3060 122 4998
4997 2765 4999
1 0 2 3
